-32005
-31396
-31316
-31005
-26292
-26023
-25047
-23837
-20765
-19187
-18923
-18677
-18306
-17309
-14968
-13108
-12858
-11554
-9532
-9182
-7886
-7878
-7339
-6980
-6729
-4376
-3492
-3125
-2725
-2432
-2187
-1606
-1444
-645
-297
587
1031
1829
1958
3965
5133
5729
6041
6339
8717
10087
10226
11231
11341
11348
11784
13611
13924
17843
17854
20901
21503
21637
22046
23207
23240
23400
23428
23475
23570
24330
24714
25390
25839
25935
26459
28752
29885
30461
31158
31627
31720
31757
32499
32637
-31638
-31531
-30747
-30034
-29451
-26086
-24952
-23250
-22977
-22390
-22122
-21002
-19355
-15232
-14878
-14847
-14618
-13896
-11643
-11606
-10855
-9890
-9735
-7991
-6851
-6645
-5058
-3849
-3523
-2981
-755
-235
472
1292
1345
1484
3770
5666
5847
7482
9741
10886
11740
12812
13248
13811
13963
17226
17572
17648
18218
18310
19379
20558
20994
21963
23298
23928
24101
24252
24675
24952
25197
25930
27088
27330
27519
28572
31724
31974
-31627
-31386
-30204
-28365
-27460
-26351
-25846
-24445
-24283
-24084
-22367
-22190
-21886
-21520
-21495
-21201
-19514
-19485
-19285
-19280
-18640
-18490
-18145
-17964
-17884
-13483
-12296
-10549
-9620
-8977
-8549
-7458
-7245
-7145
-7093
-6955
-6939
-4917
-4701
-4225
-2474
928
934
1991
2054
2104
3382
3397
4014
4229
4792
5501
5625
6083
7247
8592
8875
9244
9538
9765
11638
12543
12948
13170
13966
14144
15532
15572
21969
22530
22776
23376
24356
24707
24806
28288
28352
28542
31824
32400
-21299
-12270
-8128
-3898
239
3172
3761
4483
4780
10101
11377
12743
13146
13816
19052
24959
28129
29612
29751
29839
