-23837
-19187
-18306
-7878
-6729
-4376
-3492
-645
587
1031
1829
1958
6339
10087
13611
23240
25839
30461
31757
32499
-31531
-24952
-21002
-19355
-11606
-10855
-5058
-235
5666
11740
13811
13963
17572
18310
19379
20994
24675
24952
27519
31724
-26351
-25846
-21520
-21495
-18640
-13483
-7458
1991
2054
4014
4229
5625
8592
8875
9244
9765
15572
28352
28542
32400
-31386
-27460
-22367
-22190
-21201
-19285
-19280
-18145
-17884
-10549
-7145
-6955
-4701
934
3382
3397
22530
22776
24707
28288
-31638
-6851
-2981
1345
17226
23298
23928
24101
25930
31974
-26292
-18677
-12858
-9182
-7886
-3125
-1606
-297
5133
6041
8717
11231
21503
22046
23428
23570
24714
25390
26459
32637
-31396
-31005
-26023
-18923
-17309
-14968
-13108
-9532
-6980
-2725
5729
10226
11784
17843
20901
23207
23475
25935
29885
31720
-30747
-30034
-29451
-23250
-22977
-22390
-15232
-14847
-13896
-11643
-9890
-6645
-3849
472
1292
7482
18218
20558
24252
27330
-30204
-28365
-24445
-24283
-24084
-19514
-12296
-7245
-6939
-2474
928
2104
5501
6083
9538
11638
13170
13966
14144
15532
-31627
-21886
-19485
-18490
-17964
-9620
-8977
-8549
-7093
-4917
-4225
4792
7247
12543
12948
21969
23376
24356
24806
31824
-26086
-22122
-14878
-14618
-9735
-7991
-3523
-755
1484
3770
5847
9741
10886
12812
13248
17648
21963
25197
27088
28572
-32005
-31316
-25047
-20765
-11554
-7339
-2432
-2187
-1444
3965
11341
11348
13924
17854
21637
23400
24330
28752
31158
31627
-21299
-12270
-8128
-3898
239
3172
3761
4483
4780
10101
11377
12743
13146
13816
19052
24959
28129
29612
29751
29839
