disk 0:
-24952
-23837
-21002
-19355
-19187
-18306
-6729
-4376
-235
1031
10087
11740
13611
13811
18310
20994
24675
24952
30461
32499
disk 1:
-30204
-28365
-27460
-24283
-24084
-22367
-22190
-21201
-12296
-10549
-7145
-6939
-4701
934
3382
5501
6083
9538
13966
22530
disk 2:
-30034
-29451
-26023
-23250
-22977
-18923
-17309
-15232
-14968
-6645
-3849
5729
7482
10226
11784
18218
20558
20901
29885
31720
disk 3:
-31531
-26292
-12858
-11606
-10855
-7886
-5058
-3125
-1606
5133
5666
6041
8717
13963
17572
19379
23570
25390
27519
31724
disk 4:
-31638
-7878
-6851
-3492
-2981
-645
587
1345
1829
1958
6339
17226
23240
23298
23928
24101
25839
25930
31757
31974
disk 5:
-31396
-31005
-18677
-13108
-9532
-9182
-6980
-2725
-297
11231
17843
21503
22046
23207
23428
23475
24714
25935
26459
32637
disk 6:
-30747
-24445
-22390
-19514
-14847
-13896
-11643
-9890
-7245
-2474
472
928
1292
2104
11638
13170
14144
15532
24252
27330
disk 7:
-31627
-26086
-18490
-14878
-9735
-9620
-8977
-7991
-4917
-4225
-755
4792
9741
10886
12948
17648
24356
27088
28572
31824
disk 8:
-32005
-25047
-21299
-2432
3761
3965
4780
11341
11348
11377
12743
13146
13816
13924
21637
24330
28129
28752
29612
29751
disk 9:
-31386
-26351
-25846
-21495
-19285
-19280
-18640
-18145
-17884
-6955
2054
3397
4229
9244
9765
15572
22776
24707
28288
28352
disk 10:
-21520
-13483
-12270
-8128
-7458
-3898
239
1991
3172
4014
4483
5625
8592
8875
10101
19052
24959
28542
29839
32400
disk 11:
-31316
-22122
-20765
-14618
-11554
-7339
-3523
-2187
-1444
1484
3770
5847
12812
13248
17854
21963
23400
25197
31158
31627
disk 12:
-21886
-19485
-17964
-8549
-7093
7247
12543
21969
23376
24806
