disk 0:
-31638
-31627
-31531
-31396
-31005
-30747
-30204
-30034
-29451
-28365
-27460
-26292
-26086
-26023
-24952
-24445
-24283
-24084
-23837
-23250
-22977
-22390
-22367
-22190
-21201
-21002
-19514
-19355
-19187
-18923
-18677
-18490
-18306
-17309
-15232
-14968
-14878
-14847
-13896
-13108
-12858
-12296
-11643
-11606
-10855
-10549
-9890
-9735
-9620
-9532
-9182
-8977
-7991
-7886
-7878
-7245
-7145
-6980
-6939
-6851
-6729
-6645
-5058
-4917
-4701
-4376
-4225
-3849
-3492
-3125
-2981
-2725
-2474
-1606
-755
-645
-297
-235
472
587
928
934
1031
1292
1345
1829
1958
2104
3382
4792
5133
5501
5666
5729
6041
6083
6339
7482
8717
9538
9741
10087
10226
10886
11231
11638
11740
11784
12948
13170
13611
13811
13963
13966
14144
15532
17226
17572
17648
17843
18218
18310
19379
20558
20901
20994
21503
22046
22530
23207
23240
23298
23428
23475
23570
23928
24101
24252
24356
24675
24714
24952
25390
25839
25930
25935
26459
27088
27330
27519
28572
29885
30461
31720
31724
31757
31824
31974
32499
32637
disk 1:
-32005
-31386
-31316
-26351
-25846
-25047
-22122
-21886
-21520
-21495
-21299
-20765
-19485
-19285
-19280
-18640
-18145
-17964
-17884
-14618
-13483
-12270
-11554
-8549
-8128
-7458
-7339
-7093
-6955
-3898
-3523
-2432
-2187
-1444
239
1484
1991
2054
3172
3397
3761
3770
3965
4014
4229
4483
4780
5625
5847
7247
8592
8875
9244
9765
10101
11341
11348
11377
12543
12743
12812
13146
13248
13816
13924
15572
17854
19052
21637
21963
21969
22776
23376
23400
24330
24707
24806
24959
25197
28129
28288
28352
28542
28752
29612
29751
29839
31158
31627
32400
