disk 0:
-31531
-30204
-30034
-29451
-28365
-27460
-26292
-26023
-24952
-24283
-24084
-23837
-23250
-22977
-22367
-22190
-21201
-21002
-19355
-19187
-18923
-18306
-17309
-15232
-14968
-12858
-12296
-11606
-10855
-10549
-7886
-7145
-6939
-6729
-6645
-5058
-4701
-4376
-3849
-3125
-1606
-235
934
1031
3382
5133
5501
5666
5729
6041
6083
7482
8717
9538
10087
10226
11740
11784
13611
13811
13963
13966
17572
18218
18310
19379
20558
20901
20994
22530
23570
24675
24952
25390
27519
29885
30461
31720
31724
32499
disk 1:
-31638
-31627
-31396
-31005
-30747
-26086
-24445
-22390
-19514
-18677
-18490
-14878
-14847
-13896
-13108
-11643
-9890
-9735
-9620
-9532
-9182
-8977
-7991
-7878
-7245
-6980
-6851
-4917
-4225
-3492
-2981
-2725
-2474
-755
-645
-297
472
587
928
1292
1345
1829
1958
2104
4792
6339
9741
10886
11231
11638
12948
13170
14144
15532
17226
17648
17843
21503
22046
23207
23240
23298
23428
23475
23928
24101
24252
24356
24714
25839
25930
25935
26459
27088
27330
28572
31757
31824
31974
32637
disk 2:
-32005
-31386
-31316
-26351
-25846
-25047
-22122
-21520
-21495
-21299
-20765
-19285
-19280
-18640
-18145
-17884
-14618
-13483
-12270
-11554
-8128
-7458
-7339
-6955
-3898
-3523
-2432
-2187
-1444
239
1484
1991
2054
3172
3397
3761
3770
3965
4014
4229
4483
4780
5625
5847
8592
8875
9244
9765
10101
11341
11348
11377
12743
12812
13146
13248
13816
13924
15572
17854
19052
21637
21963
22776
23400
24330
24707
24959
25197
28129
28288
28352
28542
28752
29612
29751
29839
31158
31627
32400
disk 3:
-21886
-19485
-17964
-8549
-7093
7247
12543
21969
23376
24806
