disk 0:
-23837
-19187
-18306
-6729
-4376
1031
10087
13611
30461
32499
disk 1:
-24952
-21002
-19355
-235
11740
13811
18310
20994
24675
24952
disk 2:
-27460
-22367
-22190
-21201
-10549
-7145
-4701
934
3382
22530
disk 3:
-30204
-28365
-24283
-24084
-12296
-6939
5501
6083
9538
13966
disk 4:
-30034
-29451
-23250
-22977
-15232
-6645
-3849
7482
18218
20558
disk 5:
-26023
-18923
-17309
-14968
5729
10226
11784
20901
29885
31720
disk 6:
-26292
-12858
-7886
-3125
-1606
5133
6041
8717
23570
25390
disk 7:
-31531
-11606
-10855
-5058
5666
13963
17572
19379
27519
31724
disk 8:
-7878
-3492
-645
587
1829
1958
6339
23240
25839
31757
disk 9:
-31638
-6851
-2981
1345
17226
23298
23928
24101
25930
31974
disk 10:
-18677
-9182
-297
11231
21503
22046
23428
24714
26459
32637
disk 11:
-31396
-31005
-13108
-9532
-6980
-2725
17843
23207
23475
25935
disk 12:
-30747
-22390
-14847
-13896
-11643
-9890
472
1292
24252
27330
disk 13:
-24445
-19514
-7245
-2474
928
2104
11638
13170
14144
15532
disk 14:
-31627
-18490
-9620
-8977
-4917
-4225
4792
12948
24356
31824
disk 15:
-26086
-14878
-9735
-7991
-755
9741
10886
17648
27088
28572
disk 16:
-32005
-25047
-2432
3965
11341
11348
13924
21637
24330
28752
disk 17:
-21299
3761
4780
11377
12743
13146
13816
28129
29612
29751
disk 18:
-26351
-25846
-21495
-18640
2054
4229
9244
9765
15572
28352
disk 19:
-31386
-19285
-19280
-18145
-17884
-6955
3397
22776
24707
28288
disk 20:
-21520
-13483
-7458
1991
4014
5625
8592
8875
28542
32400
disk 21:
-12270
-8128
-3898
239
3172
4483
10101
19052
24959
29839
disk 22:
-31316
-20765
-11554
-7339
-2187
-1444
17854
23400
31158
31627
disk 23:
-22122
-14618
-3523
1484
3770
5847
12812
13248
21963
25197
disk 24:
-21886
-19485
-17964
-8549
-7093
7247
12543
21969
23376
24806
