-32005
-31638
-31627
-31531
-31396
-31386
-31316
-31005
-30747
-30204
-30034
-29451
-28365
-27460
-26351
-26292
-26086
-26023
-25846
-25047
-24952
-24445
-24283
-24084
-23837
-23250
-22977
-22390
-22367
-22190
-22122
-21886
-21520
-21495
-21299
-21201
-21002
-20765
-19514
-19485
-19355
-19285
-19280
-19187
-18923
-18677
-18640
-18490
-18306
-18145
-17964
-17884
-17309
-15232
-14968
-14878
-14847
-14618
-13896
-13483
-13108
-12858
-12296
-12270
-11643
-11606
-11554
-10855
-10549
-9890
-9735
-9620
-9532
-9182
-8977
-8549
-8128
-7991
-7886
-7878
-7458
-7339
-7245
-7145
-7093
-6980
-6955
-6939
-6851
-6729
-6645
-5058
-4917
-4701
-4376
-4225
-3898
-3849
-3523
-3492
-3125
-2981
-2725
-2474
-2432
-2187
-1606
-1444
-755
-645
-297
-235
239
472
587
928
934
1031
1292
1345
1484
1829
1958
1991
2054
2104
3172
3382
3397
3761
3770
3965
4014
4229
4483
4780
4792
5133
5501
5625
5666
5729
5847
6041
6083
6339
7247
7482
8592
8717
8875
9244
9538
9741
9765
10087
10101
10226
10886
11231
11341
11348
11377
11638
11740
11784
12543
12743
12812
12948
13146
13170
13248
13611
13811
13816
13924
13963
13966
14144
15532
15572
17226
17572
17648
17843
17854
18218
18310
19052
19379
20558
20901
20994
21503
21637
21963
21969
22046
22530
22776
23207
23240
23298
23376
23400
23428
23475
23570
23928
24101
24252
24330
24356
24675
24707
24714
24806
24952
24959
25197
25390
25839
25930
25935
26459
27088
27330
27519
28129
28288
28352
28542
28572
28752
29612
29751
29839
29885
30461
31158
31627
31720
31724
31757
31824
31974
32400
32499
32637
