-32005
-31316
-25047
-23837
-20765
-19187
-18306
-11554
-7878
-7339
-6729
-4376
-3492
-2432
-2187
-1444
-645
587
1031
1829
1958
3965
6339
10087
11341
11348
13611
13924
17854
21637
23240
23400
24330
25839
28752
30461
31158
31627
31757
32499
-31531
-26086
-24952
-22122
-21002
-19355
-14878
-14618
-11606
-10855
-9735
-7991
-5058
-3523
-755
-235
1484
3770
5666
5847
9741
10886
11740
12812
13248
13811
13963
17572
17648
18310
19379
20994
21963
24675
24952
25197
27088
27519
28572
31724
-31627
-26351
-25846
-21886
-21520
-21495
-19485
-18640
-18490
-17964
-13483
-9620
-8977
-8549
-7458
-7093
-4917
-4225
1991
2054
4014
4229
4792
5625
7247
8592
8875
9244
9765
12543
12948
15572
21969
23376
24356
24806
28352
28542
31824
32400
-31386
-30204
-28365
-27460
-24445
-24283
-24084
-22367
-22190
-21201
-19514
-19285
-19280
-18145
-17884
-12296
-10549
-7245
-7145
-6955
-6939
-4701
-2474
928
934
2104
3382
3397
5501
6083
9538
11638
13170
13966
14144
15532
22530
22776
24707
28288
-31638
-30747
-30034
-29451
-23250
-22977
-22390
-15232
-14847
-13896
-11643
-9890
-6851
-6645
-3849
-2981
472
1292
1345
7482
17226
18218
20558
23298
23928
24101
24252
25930
27330
31974
-31396
-31005
-26292
-26023
-18923
-18677
-17309
-14968
-13108
-12858
-9532
-9182
-7886
-6980
-3125
-2725
-1606
-297
5133
5729
6041
8717
10226
11231
11784
17843
20901
21503
22046
23207
23428
23475
23570
24714
25390
25935
26459
29885
31720
32637
-21299
-12270
-8128
-3898
239
3172
3761
4483
4780
10101
11377
12743
13146
13816
19052
24959
28129
29612
29751
29839
