disk 0:
-30204
-28365
-27460
-24952
-24283
-24084
-23837
-22367
-22190
-21201
-21002
-19355
-19187
-18306
-12296
-10549
-7145
-6939
-6729
-4701
-4376
-235
934
1031
3382
5501
6083
9538
10087
11740
13611
13811
13966
18310
20994
22530
24675
24952
30461
32499
disk 1:
-31531
-30034
-29451
-26292
-26023
-23250
-22977
-18923
-17309
-15232
-14968
-12858
-11606
-10855
-7886
-6645
-5058
-3849
-3125
-1606
5133
5666
5729
6041
7482
8717
10226
11784
13963
17572
18218
19379
20558
20901
23570
25390
27519
29885
31720
31724
disk 2:
-31638
-31396
-31005
-18677
-13108
-9532
-9182
-7878
-6980
-6851
-3492
-2981
-2725
-645
-297
587
1345
1829
1958
6339
11231
17226
17843
21503
22046
23207
23240
23298
23428
23475
23928
24101
24714
25839
25930
25935
26459
31757
31974
32637
disk 3:
-31627
-30747
-26086
-24445
-22390
-19514
-18490
-14878
-14847
-13896
-11643
-9890
-9735
-9620
-8977
-7991
-7245
-4917
-4225
-2474
-755
472
928
1292
2104
4792
9741
10886
11638
12948
13170
14144
15532
17648
24252
24356
27088
27330
28572
31824
disk 4:
-32005
-31386
-26351
-25846
-25047
-21495
-21299
-19285
-19280
-18640
-18145
-17884
-6955
-2432
2054
3397
3761
3965
4229
4780
9244
9765
11341
11348
11377
12743
13146
13816
13924
15572
21637
22776
24330
24707
28129
28288
28352
28752
29612
29751
disk 5:
-31316
-22122
-21520
-20765
-14618
-13483
-12270
-11554
-8128
-7458
-7339
-3898
-3523
-2187
-1444
239
1484
1991
3172
3770
4014
4483
5625
5847
8592
8875
10101
12812
13248
17854
19052
21963
23400
24959
25197
28542
29839
31158
31627
32400
disk 6:
-21886
-19485
-17964
-8549
-7093
7247
12543
21969
23376
24806
